  0.00000E+000  1.00000E+000  1.00000E+000
  1.00000E-003  1.00000E+000  1.00000E-003
  2.00000E-003  1.00000E+000  2.00000E-003
  3.00000E-003  1.00000E+000  3.00000E-003
  4.00000E-003  1.00000E+000  4.00000E-003
  5.00000E-003  1.00000E+000  5.00000E-003
  6.00000E-003  1.00000E+000  6.00000E-003
  7.00000E-003  1.00000E+000  7.00000E-003
  8.00000E-003  1.00000E+000  8.00000E-003
  9.00000E-003  1.00000E+000  9.00000E-003
  1.00000E-002  1.00000E+000  1.00000E-002
  1.10000E-002  1.00000E+000  1.10000E-002
  1.20000E-002  1.00000E+000  1.20000E-002
  1.30000E-002  1.00000E+000  1.30000E-002
  1.40000E-002  1.00000E+000  1.40000E-002
  1.50000E-002  1.00000E+000  1.50000E-002
  1.60000E-002  1.00000E+000  1.60000E-002
  1.70000E-002  1.00000E+000  1.70000E-002
  1.80000E-002  1.00001E+000  1.80000E-002
  1.90000E-002  1.00001E+000  1.90000E-002
  2.00000E-002  1.00001E+000  2.00000E-002
  2.10000E-002  1.00001E+000  2.10000E-002
  2.20000E-002  1.00001E+000  2.20000E-002
  2.30000E-002  1.00001E+000  2.30000E-002
  2.40000E-002  1.00001E+000  2.40000E-002
  2.50000E-002  1.00002E+000  2.50000E-002
  2.60000E-002  1.00002E+000  2.60000E-002
  2.70000E-002  1.00002E+000  2.70000E-002
  2.80000E-002  1.00002E+000  2.80000E-002
  2.90000E-002  1.00002E+000  2.90000E-002
  3.00000E-002  1.00003E+000  3.00000E-002
  3.10000E-002  1.00003E+000  3.10000E-002
  3.20000E-002  1.00003E+000  3.20000E-002
  3.30000E-002  1.00004E+000  3.30000E-002
  3.40000E-002  1.00004E+000  3.40000E-002
  3.50000E-002  1.00004E+000  3.50000E-002
  3.60000E-002  1.00005E+000  3.60000E-002
  3.70000E-002  1.00005E+000  3.70000E-002
  3.80000E-002  1.00005E+000  3.80000E-002
  3.90000E-002  1.00006E+000  3.90000E-002
  4.00000E-002  1.00006E+000  4.00000E-002
  4.10000E-002  1.00007E+000  4.10000E-002
  4.20000E-002  1.00007E+000  4.20000E-002
  4.30000E-002  1.00008E+000  4.30000E-002
  4.40000E-002  1.00009E+000  4.40000E-002
  4.50000E-002  1.00009E+000  4.50000E-002
  4.60000E-002  1.00010E+000  4.60000E-002
  4.70000E-002  1.00010E+000  4.70000E-002
  4.80000E-002  1.00011E+000  4.80000E-002
  4.90000E-002  1.00012E+000  4.90000E-002
  5.00000E-002  1.00013E+000  5.00000E-002
  5.10000E-002  1.00013E+000  5.10000E-002
  5.20000E-002  1.00014E+000  5.20000E-002
  5.30000E-002  1.00015E+000  5.30000E-002
  5.40000E-002  1.00016E+000  5.40000E-002
  5.50000E-002  1.00017E+000  5.50000E-002
  5.60000E-002  1.00018E+000  5.60000E-002
  5.70000E-002  1.00019E+000  5.70000E-002
  5.80000E-002  1.00020E+000  5.80000E-002
  5.90000E-002  1.00021E+000  5.90000E-002
  6.00000E-002  1.00022E+000  6.00000E-002
  6.10000E-002  1.00023E+000  6.10000E-002
  6.20000E-002  1.00024E+000  6.20000E-002
  6.30000E-002  1.00025E+000  6.30000E-002
  6.40000E-002  1.00026E+000  6.40000E-002
  6.50000E-002  1.00027E+000  6.50000E-002
  6.60000E-002  1.00029E+000  6.60000E-002
  6.70000E-002  1.00030E+000  6.70000E-002
  6.80000E-002  1.00031E+000  6.80000E-002
  6.90000E-002  1.00033E+000  6.90000E-002
  7.00000E-002  1.00034E+000  7.00000E-002
  7.10000E-002  1.00036E+000  7.10000E-002
  7.20000E-002  1.00037E+000  7.20000E-002
  7.30000E-002  1.00039E+000  7.30000E-002
  7.40000E-002  1.00041E+000  7.40000E-002
  7.50000E-002  1.00042E+000  7.50000E-002
  7.60000E-002  1.00044E+000  7.60000E-002
  7.70000E-002  1.00046E+000  7.70000E-002
  7.80000E-002  1.00047E+000  7.80000E-002
  7.90000E-002  1.00049E+000  7.90000E-002
  8.00000E-002  1.00051E+000  8.00000E-002
  8.10000E-002  1.00053E+000  8.10000E-002
  8.20000E-002  1.00055E+000  8.20000E-002
  8.30000E-002  1.00057E+000  8.30000E-002
  8.40000E-002  1.00059E+000  8.40000E-002
  8.50000E-002  1.00061E+000  8.50000E-002
  8.60000E-002  1.00064E+000  8.60000E-002
  8.70000E-002  1.00066E+000  8.70000E-002
  8.80000E-002  1.00068E+000  8.80000E-002
  8.90000E-002  1.00070E+000  8.90000E-002
  9.00000E-002  1.00073E+000  9.00000E-002
  9.10000E-002  1.00075E+000  9.10000E-002
  9.20000E-002  1.00078E+000  9.20000E-002
  9.30000E-002  1.00080E+000  9.30000E-002
  9.40000E-002  1.00083E+000  9.40000E-002
  9.50000E-002  1.00086E+000  9.50000E-002
  9.60000E-002  1.00088E+000  9.60000E-002
  9.70000E-002  1.00091E+000  9.70000E-002
  9.80000E-002  1.00094E+000  9.80000E-002
  9.90000E-002  1.00097E+000  9.90000E-002
  1.00000E-001  1.00100E+000  1.00000E-001
  1.01000E-001  1.00103E+000  1.01000E-001
  1.02000E-001  1.00106E+000  1.02000E-001
  1.03000E-001  1.00109E+000  1.03000E-001
  1.04000E-001  1.00112E+000  1.04000E-001
  1.05000E-001  1.00116E+000  1.05000E-001
  1.06000E-001  1.00119E+000  1.06000E-001
  1.07000E-001  1.00123E+000  1.07000E-001
  1.08000E-001  1.00126E+000  1.08000E-001
  1.09000E-001  1.00130E+000  1.09000E-001
  1.10000E-001  1.00133E+000  1.10000E-001
  1.11000E-001  1.00137E+000  1.11000E-001
  1.12000E-001  1.00140E+000  1.12000E-001
  1.13000E-001  1.00144E+000  1.13000E-001
  1.14000E-001  1.00148E+000  1.14000E-001
  1.15000E-001  1.00152E+000  1.15000E-001
  1.16000E-001  1.00156E+000  1.16000E-001
  1.17000E-001  1.00160E+000  1.17000E-001
  1.18000E-001  1.00164E+000  1.18000E-001
  1.19000E-001  1.00169E+000  1.19000E-001
  1.20000E-001  1.00173E+000  1.20000E-001
  1.21000E-001  1.00177E+000  1.21000E-001
  1.22000E-001  1.00182E+000  1.22000E-001
  1.23000E-001  1.00186E+000  1.23000E-001
  1.24000E-001  1.00191E+000  1.24000E-001
  1.25000E-001  1.00195E+000  1.25000E-001
  1.26000E-001  1.00200E+000  1.26000E-001
  1.27000E-001  1.00205E+000  1.27000E-001
  1.28000E-001  1.00210E+000  1.28000E-001
  1.29000E-001  1.00215E+000  1.29000E-001
  1.30000E-001  1.00220E+000  1.30000E-001
  1.31000E-001  1.00225E+000  1.31000E-001
  1.32000E-001  1.00230E+000  1.32000E-001
  1.33000E-001  1.00235E+000  1.33000E-001
  1.34000E-001  1.00241E+000  1.34000E-001
  1.35000E-001  1.00246E+000  1.35000E-001
  1.36000E-001  1.00252E+000  1.36000E-001
  1.37000E-001  1.00257E+000  1.37000E-001
  1.38000E-001  1.00263E+000  1.38000E-001
  1.39000E-001  1.00269E+000  1.39000E-001
  1.40000E-001  1.00274E+000  1.40000E-001
  1.41000E-001  1.00280E+000  1.41000E-001
  1.42000E-001  1.00286E+000  1.42000E-001
  1.43000E-001  1.00292E+000  1.43000E-001
  1.44000E-001  1.00299E+000  1.44000E-001
  1.45000E-001  1.00305E+000  1.45000E-001
  1.46000E-001  1.00311E+000  1.46000E-001
  1.47000E-001  1.00318E+000  1.47000E-001
  1.48000E-001  1.00324E+000  1.48000E-001
  1.49000E-001  1.00331E+000  1.49000E-001
  1.50000E-001  1.00338E+000  1.50000E-001
  1.51000E-001  1.00344E+000  1.51000E-001
  1.52000E-001  1.00351E+000  1.52000E-001
  1.53000E-001  1.00358E+000  1.53000E-001
  1.54000E-001  1.00365E+000  1.54000E-001
  1.55000E-001  1.00372E+000  1.55000E-001
  1.56000E-001  1.00380E+000  1.56000E-001
  1.57000E-001  1.00387E+000  1.57000E-001
  1.58000E-001  1.00394E+000  1.58000E-001
  1.59000E-001  1.00402E+000  1.59000E-001
  1.60000E-001  1.00410E+000  1.60000E-001
  1.61000E-001  1.00417E+000  1.61000E-001
  1.62000E-001  1.00425E+000  1.62000E-001
  1.63000E-001  1.00433E+000  1.63000E-001
  1.64000E-001  1.00441E+000  1.64000E-001
  1.65000E-001  1.00449E+000  1.65000E-001
  1.66000E-001  1.00457E+000  1.66000E-001
  1.67000E-001  1.00466E+000  1.67000E-001
  1.68000E-001  1.00474E+000  1.68000E-001
  1.69000E-001  1.00483E+000  1.69000E-001
  1.70000E-001  1.00491E+000  1.70000E-001
  1.71000E-001  1.00500E+000  1.71000E-001
  1.72000E-001  1.00509E+000  1.72000E-001
  1.73000E-001  1.00518E+000  1.73000E-001
  1.74000E-001  1.00527E+000  1.74000E-001
  1.75000E-001  1.00536E+000  1.75000E-001
  1.76000E-001  1.00545E+000  1.76000E-001
  1.77000E-001  1.00555E+000  1.77000E-001
  1.78000E-001  1.00564E+000  1.78000E-001
  1.79000E-001  1.00574E+000  1.79000E-001
  1.80000E-001  1.00583E+000  1.80000E-001
  1.81000E-001  1.00593E+000  1.81000E-001
  1.82000E-001  1.00603E+000  1.82000E-001
  1.83000E-001  1.00613E+000  1.83000E-001
  1.84000E-001  1.00623E+000  1.84000E-001
  1.85000E-001  1.00633E+000  1.85000E-001
  1.86000E-001  1.00643E+000  1.86000E-001
  1.87000E-001  1.00654E+000  1.87000E-001
  1.88000E-001  1.00664E+000  1.88000E-001
  1.89000E-001  1.00675E+000  1.89000E-001
  1.90000E-001  1.00686E+000  1.90000E-001
  1.91000E-001  1.00697E+000  1.91000E-001
  1.92000E-001  1.00708E+000  1.92000E-001
  1.93000E-001  1.00719E+000  1.93000E-001
  1.94000E-001  1.00730E+000  1.94000E-001
  1.95000E-001  1.00741E+000  1.95000E-001
  1.96000E-001  1.00753E+000  1.96000E-001
  1.97000E-001  1.00765E+000  1.97000E-001
  1.98000E-001  1.00776E+000  1.98000E-001
  1.99000E-001  1.00788E+000  1.99000E-001
  2.00000E-001  1.00800E+000  2.00000E-001
  2.01000E-001  1.00812E+000  2.01000E-001
  2.02000E-001  1.00824E+000  2.02000E-001
  2.03000E-001  1.00837E+000  2.03000E-001
  2.04000E-001  1.00849E+000  2.04000E-001
  2.05000E-001  1.00862E+000  2.05000E-001
  2.06000E-001  1.00874E+000  2.06000E-001
  2.07000E-001  1.00887E+000  2.07000E-001
  2.08000E-001  1.00900E+000  2.08000E-001
  2.09000E-001  1.00913E+000  2.09000E-001
  2.10000E-001  1.00926E+000  2.10000E-001
  2.11000E-001  1.00939E+000  2.11000E-001
  2.12000E-001  1.00953E+000  2.12000E-001
  2.13000E-001  1.00966E+000  2.13000E-001
  2.14000E-001  1.00980E+000  2.14000E-001
  2.15000E-001  1.00994E+000  2.15000E-001
  2.16000E-001  1.01008E+000  2.16000E-001
  2.17000E-001  1.01022E+000  2.17000E-001
  2.18000E-001  1.01036E+000  2.18000E-001
  2.19000E-001  1.01050E+000  2.19000E-001
  2.20000E-001  1.01065E+000  2.20000E-001
  2.21000E-001  1.01079E+000  2.21000E-001
  2.22000E-001  1.01094E+000  2.22000E-001
  2.23000E-001  1.01109E+000  2.23000E-001
  2.24000E-001  1.01124E+000  2.24000E-001
  2.25000E-001  1.01139E+000  2.25000E-001
  2.26000E-001  1.01154E+000  2.26000E-001
  2.27000E-001  1.01170E+000  2.27000E-001
  2.28000E-001  1.01185E+000  2.28000E-001
  2.29000E-001  1.01201E+000  2.29000E-001
  2.30000E-001  1.01217E+000  2.30000E-001
  2.31000E-001  1.01233E+000  2.31000E-001
  2.32000E-001  1.01249E+000  2.32000E-001
  2.33000E-001  1.01265E+000  2.33000E-001
  2.34000E-001  1.01281E+000  2.34000E-001
  2.35000E-001  1.01298E+000  2.35000E-001
  2.36000E-001  1.01314E+000  2.36000E-001
  2.37000E-001  1.01331E+000  2.37000E-001
  2.38000E-001  1.01348E+000  2.38000E-001
  2.39000E-001  1.01365E+000  2.39000E-001
  2.40000E-001  1.01382E+000  2.40000E-001
  2.41000E-001  1.01400E+000  2.41000E-001
  2.42000E-001  1.01417E+000  2.42000E-001
  2.43000E-001  1.01435E+000  2.43000E-001
  2.44000E-001  1.01453E+000  2.44000E-001
  2.45000E-001  1.01471E+000  2.45000E-001
  2.46000E-001  1.01489E+000  2.46000E-001
  2.47000E-001  1.01507E+000  2.47000E-001
  2.48000E-001  1.01525E+000  2.48000E-001
  2.49000E-001  1.01544E+000  2.49000E-001
  2.50000E-001  1.01563E+000  2.50000E-001
  2.51000E-001  1.01581E+000  2.51000E-001
  2.52000E-001  1.01600E+000  2.52000E-001
  2.53000E-001  1.01619E+000  2.53000E-001
  2.54000E-001  1.01639E+000  2.54000E-001
  2.55000E-001  1.01658E+000  2.55000E-001
  2.56000E-001  1.01678E+000  2.56000E-001
  2.57000E-001  1.01697E+000  2.57000E-001
  2.58000E-001  1.01717E+000  2.58000E-001
  2.59000E-001  1.01737E+000  2.59000E-001
  2.60000E-001  1.01758E+000  2.60000E-001
  2.61000E-001  1.01778E+000  2.61000E-001
  2.62000E-001  1.01798E+000  2.62000E-001
  2.63000E-001  1.01819E+000  2.63000E-001
  2.64000E-001  1.01840E+000  2.64000E-001
  2.65000E-001  1.01861E+000  2.65000E-001
  2.66000E-001  1.01882E+000  2.66000E-001
  2.67000E-001  1.01903E+000  2.67000E-001
  2.68000E-001  1.01925E+000  2.68000E-001
  2.69000E-001  1.01947E+000  2.69000E-001
  2.70000E-001  1.01968E+000  2.70000E-001
  2.71000E-001  1.01990E+000  2.71000E-001
  2.72000E-001  1.02012E+000  2.72000E-001
  2.73000E-001  1.02035E+000  2.73000E-001
  2.74000E-001  1.02057E+000  2.74000E-001
  2.75000E-001  1.02080E+000  2.75000E-001
  2.76000E-001  1.02102E+000  2.76000E-001
  2.77000E-001  1.02125E+000  2.77000E-001
  2.78000E-001  1.02148E+000  2.78000E-001
  2.79000E-001  1.02172E+000  2.79000E-001
  2.80000E-001  1.02195E+000  2.80000E-001
  2.81000E-001  1.02219E+000  2.81000E-001
  2.82000E-001  1.02243E+000  2.82000E-001
  2.83000E-001  1.02267E+000  2.83000E-001
  2.84000E-001  1.02291E+000  2.84000E-001
  2.85000E-001  1.02315E+000  2.85000E-001
  2.86000E-001  1.02339E+000  2.86000E-001
  2.87000E-001  1.02364E+000  2.87000E-001
  2.88000E-001  1.02389E+000  2.88000E-001
  2.89000E-001  1.02414E+000  2.89000E-001
  2.90000E-001  1.02439E+000  2.90000E-001
  2.91000E-001  1.02464E+000  2.91000E-001
  2.92000E-001  1.02490E+000  2.92000E-001
  2.93000E-001  1.02515E+000  2.93000E-001
  2.94000E-001  1.02541E+000  2.94000E-001
  2.95000E-001  1.02567E+000  2.95000E-001
  2.96000E-001  1.02593E+000  2.96000E-001
  2.97000E-001  1.02620E+000  2.97000E-001
  2.98000E-001  1.02646E+000  2.98000E-001
  2.99000E-001  1.02673E+000  2.99000E-001
  3.00000E-001  1.02700E+000  3.00000E-001
  3.01000E-001  1.02727E+000  3.01000E-001
  3.02000E-001  1.02754E+000  3.02000E-001
  3.03000E-001  1.02782E+000  3.03000E-001
  3.04000E-001  1.02809E+000  3.04000E-001
  3.05000E-001  1.02837E+000  3.05000E-001
  3.06000E-001  1.02865E+000  3.06000E-001
  3.07000E-001  1.02893E+000  3.07000E-001
  3.08000E-001  1.02922E+000  3.08000E-001
  3.09000E-001  1.02950E+000  3.09000E-001
  3.10000E-001  1.02979E+000  3.10000E-001
  3.11000E-001  1.03008E+000  3.11000E-001
  3.12000E-001  1.03037E+000  3.12000E-001
  3.13000E-001  1.03066E+000  3.13000E-001
  3.14000E-001  1.03096E+000  3.14000E-001
  3.15000E-001  1.03126E+000  3.15000E-001
  3.16000E-001  1.03155E+000  3.16000E-001
  3.17000E-001  1.03186E+000  3.17000E-001
  3.18000E-001  1.03216E+000  3.18000E-001
  3.19000E-001  1.03246E+000  3.19000E-001
  3.20000E-001  1.03277E+000  3.20000E-001
  3.21000E-001  1.03308E+000  3.21000E-001
  3.22000E-001  1.03339E+000  3.22000E-001
  3.23000E-001  1.03370E+000  3.23000E-001
  3.24000E-001  1.03401E+000  3.24000E-001
  3.25000E-001  1.03433E+000  3.25000E-001
  3.26000E-001  1.03465E+000  3.26000E-001
  3.27000E-001  1.03497E+000  3.27000E-001
  3.28000E-001  1.03529E+000  3.28000E-001
  3.29000E-001  1.03561E+000  3.29000E-001
  3.30000E-001  1.03594E+000  3.30000E-001
  3.31000E-001  1.03626E+000  3.31000E-001
  3.32000E-001  1.03659E+000  3.32000E-001
  3.33000E-001  1.03693E+000  3.33000E-001
  3.34000E-001  1.03726E+000  3.34000E-001
  3.35000E-001  1.03760E+000  3.35000E-001
  3.36000E-001  1.03793E+000  3.36000E-001
  3.37000E-001  1.03827E+000  3.37000E-001
  3.38000E-001  1.03861E+000  3.38000E-001
  3.39000E-001  1.03896E+000  3.39000E-001
  3.40000E-001  1.03930E+000  3.40000E-001
  3.41000E-001  1.03965E+000  3.41000E-001
  3.42000E-001  1.04000E+000  3.42000E-001
  3.43000E-001  1.04035E+000  3.43000E-001
  3.44000E-001  1.04071E+000  3.44000E-001
  3.45000E-001  1.04106E+000  3.45000E-001
  3.46000E-001  1.04142E+000  3.46000E-001
  3.47000E-001  1.04178E+000  3.47000E-001
  3.48000E-001  1.04214E+000  3.48000E-001
  3.49000E-001  1.04251E+000  3.49000E-001
  3.50000E-001  1.04288E+000  3.50000E-001
  3.51000E-001  1.04324E+000  3.51000E-001
  3.52000E-001  1.04361E+000  3.52000E-001
  3.53000E-001  1.04399E+000  3.53000E-001
  3.54000E-001  1.04436E+000  3.54000E-001
  3.55000E-001  1.04474E+000  3.55000E-001
  3.56000E-001  1.04512E+000  3.56000E-001
  3.57000E-001  1.04550E+000  3.57000E-001
  3.58000E-001  1.04588E+000  3.58000E-001
  3.59000E-001  1.04627E+000  3.59000E-001
  3.60000E-001  1.04666E+000  3.60000E-001
  3.61000E-001  1.04705E+000  3.61000E-001
  3.62000E-001  1.04744E+000  3.62000E-001
  3.63000E-001  1.04783E+000  3.63000E-001
  3.64000E-001  1.04823E+000  3.64000E-001
  3.65000E-001  1.04863E+000  3.65000E-001
  3.66000E-001  1.04903E+000  3.66000E-001
  3.67000E-001  1.04943E+000  3.67000E-001
  3.68000E-001  1.04984E+000  3.68000E-001
  3.69000E-001  1.05024E+000  3.69000E-001
  3.70000E-001  1.05065E+000  3.70000E-001
  3.71000E-001  1.05106E+000  3.71000E-001
  3.72000E-001  1.05148E+000  3.72000E-001
  3.73000E-001  1.05190E+000  3.73000E-001
  3.74000E-001  1.05231E+000  3.74000E-001
  3.75000E-001  1.05273E+000  3.75000E-001
  3.76000E-001  1.05316E+000  3.76000E-001
  3.77000E-001  1.05358E+000  3.77000E-001
  3.78000E-001  1.05401E+000  3.78000E-001
  3.79000E-001  1.05444E+000  3.79000E-001
  3.80000E-001  1.05487E+000  3.80000E-001
  3.81000E-001  1.05531E+000  3.81000E-001
  3.82000E-001  1.05574E+000  3.82000E-001
  3.83000E-001  1.05618E+000  3.83000E-001
  3.84000E-001  1.05662E+000  3.84000E-001
  3.85000E-001  1.05707E+000  3.85000E-001
  3.86000E-001  1.05751E+000  3.86000E-001
  3.87000E-001  1.05796E+000  3.87000E-001
  3.88000E-001  1.05841E+000  3.88000E-001
  3.89000E-001  1.05886E+000  3.89000E-001
  3.90000E-001  1.05932E+000  3.90000E-001
  3.91000E-001  1.05978E+000  3.91000E-001
  3.92000E-001  1.06024E+000  3.92000E-001
  3.93000E-001  1.06070E+000  3.93000E-001
  3.94000E-001  1.06116E+000  3.94000E-001
  3.95000E-001  1.06163E+000  3.95000E-001
  3.96000E-001  1.06210E+000  3.96000E-001
  3.97000E-001  1.06257E+000  3.97000E-001
  3.98000E-001  1.06304E+000  3.98000E-001
  3.99000E-001  1.06352E+000  3.99000E-001
  4.00000E-001  1.06400E+000  4.00000E-001
  4.01000E-001  1.06448E+000  4.01000E-001
  4.02000E-001  1.06496E+000  4.02000E-001
  4.03000E-001  1.06545E+000  4.03000E-001
  4.04000E-001  1.06594E+000  4.04000E-001
  4.05000E-001  1.06643E+000  4.05000E-001
  4.06000E-001  1.06692E+000  4.06000E-001
  4.07000E-001  1.06742E+000  4.07000E-001
  4.08000E-001  1.06792E+000  4.08000E-001
  4.09000E-001  1.06842E+000  4.09000E-001
  4.10000E-001  1.06892E+000  4.10000E-001
  4.11000E-001  1.06943E+000  4.11000E-001
  4.12000E-001  1.06993E+000  4.12000E-001
  4.13000E-001  1.07044E+000  4.13000E-001
  4.14000E-001  1.07096E+000  4.14000E-001
  4.15000E-001  1.07147E+000  4.15000E-001
  4.16000E-001  1.07199E+000  4.16000E-001
  4.17000E-001  1.07251E+000  4.17000E-001
  4.18000E-001  1.07303E+000  4.18000E-001
  4.19000E-001  1.07356E+000  4.19000E-001
  4.20000E-001  1.07409E+000  4.20000E-001
  4.21000E-001  1.07462E+000  4.21000E-001
  4.22000E-001  1.07515E+000  4.22000E-001
  4.23000E-001  1.07569E+000  4.23000E-001
  4.24000E-001  1.07623E+000  4.24000E-001
  4.25000E-001  1.07677E+000  4.25000E-001
  4.26000E-001  1.07731E+000  4.26000E-001
  4.27000E-001  1.07785E+000  4.27000E-001
  4.28000E-001  1.07840E+000  4.28000E-001
  4.29000E-001  1.07895E+000  4.29000E-001
  4.30000E-001  1.07951E+000  4.30000E-001
  4.31000E-001  1.08006E+000  4.31000E-001
  4.32000E-001  1.08062E+000  4.32000E-001
  4.33000E-001  1.08118E+000  4.33000E-001
  4.34000E-001  1.08175E+000  4.34000E-001
  4.35000E-001  1.08231E+000  4.35000E-001
  4.36000E-001  1.08288E+000  4.36000E-001
  4.37000E-001  1.08345E+000  4.37000E-001
  4.38000E-001  1.08403E+000  4.38000E-001
  4.39000E-001  1.08460E+000  4.39000E-001
  4.40000E-001  1.08518E+000  4.40000E-001
  4.41000E-001  1.08577E+000  4.41000E-001
  4.42000E-001  1.08635E+000  4.42000E-001
  4.43000E-001  1.08694E+000  4.43000E-001
  4.44000E-001  1.08753E+000  4.44000E-001
  4.45000E-001  1.08812E+000  4.45000E-001
  4.46000E-001  1.08872E+000  4.46000E-001
  4.47000E-001  1.08931E+000  4.47000E-001
  4.48000E-001  1.08992E+000  4.48000E-001
  4.49000E-001  1.09052E+000  4.49000E-001
  4.50000E-001  1.09113E+000  4.50000E-001
  4.51000E-001  1.09173E+000  4.51000E-001
  4.52000E-001  1.09235E+000  4.52000E-001
  4.53000E-001  1.09296E+000  4.53000E-001
  4.54000E-001  1.09358E+000  4.54000E-001
  4.55000E-001  1.09420E+000  4.55000E-001
  4.56000E-001  1.09482E+000  4.56000E-001
  4.57000E-001  1.09544E+000  4.57000E-001
  4.58000E-001  1.09607E+000  4.58000E-001
  4.59000E-001  1.09670E+000  4.59000E-001
  4.60000E-001  1.09734E+000  4.60000E-001
  4.61000E-001  1.09797E+000  4.61000E-001
  4.62000E-001  1.09861E+000  4.62000E-001
  4.63000E-001  1.09925E+000  4.63000E-001
  4.64000E-001  1.09990E+000  4.64000E-001
  4.65000E-001  1.10054E+000  4.65000E-001
  4.66000E-001  1.10119E+000  4.66000E-001
  4.67000E-001  1.10185E+000  4.67000E-001
  4.68000E-001  1.10250E+000  4.68000E-001
  4.69000E-001  1.10316E+000  4.69000E-001
  4.70000E-001  1.10382E+000  4.70000E-001
  4.71000E-001  1.10449E+000  4.71000E-001
  4.72000E-001  1.10515E+000  4.72000E-001
  4.73000E-001  1.10582E+000  4.73000E-001
  4.74000E-001  1.10650E+000  4.74000E-001
  4.75000E-001  1.10717E+000  4.75000E-001
  4.76000E-001  1.10785E+000  4.76000E-001
  4.77000E-001  1.10853E+000  4.77000E-001
  4.78000E-001  1.10922E+000  4.78000E-001
  4.79000E-001  1.10990E+000  4.79000E-001
  4.80000E-001  1.11059E+000  4.80000E-001
  4.81000E-001  1.11128E+000  4.81000E-001
  4.82000E-001  1.11198E+000  4.82000E-001
  4.83000E-001  1.11268E+000  4.83000E-001
  4.84000E-001  1.11338E+000  4.84000E-001
  4.85000E-001  1.11408E+000  4.85000E-001
  4.86000E-001  1.11479E+000  4.86000E-001
  4.87000E-001  1.11550E+000  4.87000E-001
  4.88000E-001  1.11621E+000  4.88000E-001
  4.89000E-001  1.11693E+000  4.89000E-001
  4.90000E-001  1.11765E+000  4.90000E-001
  4.91000E-001  1.11837E+000  4.91000E-001
  4.92000E-001  1.11910E+000  4.92000E-001
  4.93000E-001  1.11982E+000  4.93000E-001
  4.94000E-001  1.12055E+000  4.94000E-001
  4.95000E-001  1.12129E+000  4.95000E-001
  4.96000E-001  1.12202E+000  4.96000E-001
  4.97000E-001  1.12276E+000  4.97000E-001
  4.98000E-001  1.12351E+000  4.98000E-001
  4.99000E-001  1.12425E+000  4.99000E-001
  5.00000E-001  1.12500E+000  5.00000E-001
  5.01000E-001  1.12575E+000  5.01000E-001
  5.02000E-001  1.12651E+000  5.02000E-001
  5.03000E-001  1.12726E+000  5.03000E-001
  5.04000E-001  1.12802E+000  5.04000E-001
  5.05000E-001  1.12879E+000  5.05000E-001
  5.06000E-001  1.12955E+000  5.06000E-001
  5.07000E-001  1.13032E+000  5.07000E-001
  5.08000E-001  1.13110E+000  5.08000E-001
  5.09000E-001  1.13187E+000  5.09000E-001
  5.10000E-001  1.13265E+000  5.10000E-001
  5.11000E-001  1.13343E+000  5.11000E-001
  5.12000E-001  1.13422E+000  5.12000E-001
  5.13000E-001  1.13501E+000  5.13000E-001
  5.14000E-001  1.13580E+000  5.14000E-001
  5.15000E-001  1.13659E+000  5.15000E-001
  5.16000E-001  1.13739E+000  5.16000E-001
  5.17000E-001  1.13819E+000  5.17000E-001
  5.18000E-001  1.13899E+000  5.18000E-001
  5.19000E-001  1.13980E+000  5.19000E-001
  5.20000E-001  1.14061E+000  5.20000E-001
  5.21000E-001  1.14142E+000  5.21000E-001
  5.22000E-001  1.14224E+000  5.22000E-001
  5.23000E-001  1.14306E+000  5.23000E-001
  5.24000E-001  1.14388E+000  5.24000E-001
  5.25000E-001  1.14470E+000  5.25000E-001
  5.26000E-001  1.14553E+000  5.26000E-001
  5.27000E-001  1.14636E+000  5.27000E-001
  5.28000E-001  1.14720E+000  5.28000E-001
  5.29000E-001  1.14804E+000  5.29000E-001
  5.30000E-001  1.14888E+000  5.30000E-001
  5.31000E-001  1.14972E+000  5.31000E-001
  5.32000E-001  1.15057E+000  5.32000E-001
  5.33000E-001  1.15142E+000  5.33000E-001
  5.34000E-001  1.15227E+000  5.34000E-001
  5.35000E-001  1.15313E+000  5.35000E-001
  5.36000E-001  1.15399E+000  5.36000E-001
  5.37000E-001  1.15485E+000  5.37000E-001
  5.38000E-001  1.15572E+000  5.38000E-001
  5.39000E-001  1.15659E+000  5.39000E-001
  5.40000E-001  1.15746E+000  5.40000E-001
  5.41000E-001  1.15834E+000  5.41000E-001
  5.42000E-001  1.15922E+000  5.42000E-001
  5.43000E-001  1.16010E+000  5.43000E-001
  5.44000E-001  1.16099E+000  5.44000E-001
  5.45000E-001  1.16188E+000  5.45000E-001
  5.46000E-001  1.16277E+000  5.46000E-001
  5.47000E-001  1.16367E+000  5.47000E-001
  5.48000E-001  1.16457E+000  5.48000E-001
  5.49000E-001  1.16547E+000  5.49000E-001
  5.50000E-001  1.16637E+000  5.50000E-001
  5.51000E-001  1.16728E+000  5.51000E-001
  5.52000E-001  1.16820E+000  5.52000E-001
  5.53000E-001  1.16911E+000  5.53000E-001
  5.54000E-001  1.17003E+000  5.54000E-001
  5.55000E-001  1.17095E+000  5.55000E-001
  5.56000E-001  1.17188E+000  5.56000E-001
  5.57000E-001  1.17281E+000  5.57000E-001
  5.58000E-001  1.17374E+000  5.58000E-001
  5.59000E-001  1.17468E+000  5.59000E-001
  5.60000E-001  1.17562E+000  5.60000E-001
  5.61000E-001  1.17656E+000  5.61000E-001
  5.62000E-001  1.17750E+000  5.62000E-001
  5.63000E-001  1.17845E+000  5.63000E-001
  5.64000E-001  1.17941E+000  5.64000E-001
  5.65000E-001  1.18036E+000  5.65000E-001
  5.66000E-001  1.18132E+000  5.66000E-001
  5.67000E-001  1.18228E+000  5.67000E-001
  5.68000E-001  1.18325E+000  5.68000E-001
  5.69000E-001  1.18422E+000  5.69000E-001
  5.70000E-001  1.18519E+000  5.70000E-001
  5.71000E-001  1.18617E+000  5.71000E-001
  5.72000E-001  1.18715E+000  5.72000E-001
  5.73000E-001  1.18813E+000  5.73000E-001
  5.74000E-001  1.18912E+000  5.74000E-001
  5.75000E-001  1.19011E+000  5.75000E-001
  5.76000E-001  1.19110E+000  5.76000E-001
  5.77000E-001  1.19210E+000  5.77000E-001
  5.78000E-001  1.19310E+000  5.78000E-001
  5.79000E-001  1.19410E+000  5.79000E-001
  5.80000E-001  1.19511E+000  5.80000E-001
  5.81000E-001  1.19612E+000  5.81000E-001
  5.82000E-001  1.19714E+000  5.82000E-001
  5.83000E-001  1.19816E+000  5.83000E-001
  5.84000E-001  1.19918E+000  5.84000E-001
  5.85000E-001  1.20020E+000  5.85000E-001
  5.86000E-001  1.20123E+000  5.86000E-001
  5.87000E-001  1.20226E+000  5.87000E-001
  5.88000E-001  1.20330E+000  5.88000E-001
  5.89000E-001  1.20434E+000  5.89000E-001
  5.90000E-001  1.20538E+000  5.90000E-001
  5.91000E-001  1.20643E+000  5.91000E-001
  5.92000E-001  1.20747E+000  5.92000E-001
  5.93000E-001  1.20853E+000  5.93000E-001
  5.94000E-001  1.20958E+000  5.94000E-001
  5.95000E-001  1.21064E+000  5.95000E-001
  5.96000E-001  1.21171E+000  5.96000E-001
  5.97000E-001  1.21278E+000  5.97000E-001
  5.98000E-001  1.21385E+000  5.98000E-001
  5.99000E-001  1.21492E+000  5.99000E-001
  6.00000E-001  1.21600E+000  6.00000E-001
  6.01000E-001  1.21708E+000  6.01000E-001
  6.02000E-001  1.21817E+000  6.02000E-001
  6.03000E-001  1.21926E+000  6.03000E-001
  6.04000E-001  1.22035E+000  6.04000E-001
  6.05000E-001  1.22145E+000  6.05000E-001
  6.06000E-001  1.22255E+000  6.06000E-001
  6.07000E-001  1.22365E+000  6.07000E-001
  6.08000E-001  1.22476E+000  6.08000E-001
  6.09000E-001  1.22587E+000  6.09000E-001
  6.10000E-001  1.22698E+000  6.10000E-001
  6.11000E-001  1.22810E+000  6.11000E-001
  6.12000E-001  1.22922E+000  6.12000E-001
  6.13000E-001  1.23035E+000  6.13000E-001
  6.14000E-001  1.23148E+000  6.14000E-001
  6.15000E-001  1.23261E+000  6.15000E-001
  6.16000E-001  1.23374E+000  6.16000E-001
  6.17000E-001  1.23489E+000  6.17000E-001
  6.18000E-001  1.23603E+000  6.18000E-001
  6.19000E-001  1.23718E+000  6.19000E-001
  6.20000E-001  1.23833E+000  6.20000E-001
  6.21000E-001  1.23948E+000  6.21000E-001
  6.22000E-001  1.24064E+000  6.22000E-001
  6.23000E-001  1.24180E+000  6.23000E-001
  6.24000E-001  1.24297E+000  6.24000E-001
  6.25000E-001  1.24414E+000  6.25000E-001
  6.26000E-001  1.24531E+000  6.26000E-001
  6.27000E-001  1.24649E+000  6.27000E-001
  6.28000E-001  1.24767E+000  6.28000E-001
  6.29000E-001  1.24886E+000  6.29000E-001
  6.30000E-001  1.25005E+000  6.30000E-001
  6.31000E-001  1.25124E+000  6.31000E-001
  6.32000E-001  1.25244E+000  6.32000E-001
  6.33000E-001  1.25364E+000  6.33000E-001
  6.34000E-001  1.25484E+000  6.34000E-001
  6.35000E-001  1.25605E+000  6.35000E-001
  6.36000E-001  1.25726E+000  6.36000E-001
  6.37000E-001  1.25847E+000  6.37000E-001
  6.38000E-001  1.25969E+000  6.38000E-001
  6.39000E-001  1.26092E+000  6.39000E-001
  6.40000E-001  1.26214E+000  6.40000E-001
  6.41000E-001  1.26337E+000  6.41000E-001
  6.42000E-001  1.26461E+000  6.42000E-001
  6.43000E-001  1.26585E+000  6.43000E-001
  6.44000E-001  1.26709E+000  6.44000E-001
  6.45000E-001  1.26834E+000  6.45000E-001
  6.46000E-001  1.26959E+000  6.46000E-001
  6.47000E-001  1.27084E+000  6.47000E-001
  6.48000E-001  1.27210E+000  6.48000E-001
  6.49000E-001  1.27336E+000  6.49000E-001
  6.50000E-001  1.27462E+000  6.50000E-001
  6.51000E-001  1.27589E+000  6.51000E-001
  6.52000E-001  1.27717E+000  6.52000E-001
  6.53000E-001  1.27845E+000  6.53000E-001
  6.54000E-001  1.27973E+000  6.54000E-001
  6.55000E-001  1.28101E+000  6.55000E-001
  6.56000E-001  1.28230E+000  6.56000E-001
  6.57000E-001  1.28359E+000  6.57000E-001
  6.58000E-001  1.28489E+000  6.58000E-001
  6.59000E-001  1.28619E+000  6.59000E-001
  6.60000E-001  1.28750E+000  6.60000E-001
  6.61000E-001  1.28880E+000  6.61000E-001
  6.62000E-001  1.29012E+000  6.62000E-001
  6.63000E-001  1.29143E+000  6.63000E-001
  6.64000E-001  1.29275E+000  6.64000E-001
  6.65000E-001  1.29408E+000  6.65000E-001
  6.66000E-001  1.29541E+000  6.66000E-001
  6.67000E-001  1.29674E+000  6.67000E-001
  6.68000E-001  1.29808E+000  6.68000E-001
  6.69000E-001  1.29942E+000  6.69000E-001
  6.70000E-001  1.30076E+000  6.70000E-001
  6.71000E-001  1.30211E+000  6.71000E-001
  6.72000E-001  1.30346E+000  6.72000E-001
  6.73000E-001  1.30482E+000  6.73000E-001
  6.74000E-001  1.30618E+000  6.74000E-001
  6.75000E-001  1.30755E+000  6.75000E-001
  6.76000E-001  1.30892E+000  6.76000E-001
  6.77000E-001  1.31029E+000  6.77000E-001
  6.78000E-001  1.31167E+000  6.78000E-001
  6.79000E-001  1.31305E+000  6.79000E-001
  6.80000E-001  1.31443E+000  6.80000E-001
  6.81000E-001  1.31582E+000  6.81000E-001
  6.82000E-001  1.31721E+000  6.82000E-001
  6.83000E-001  1.31861E+000  6.83000E-001
  6.84000E-001  1.32001E+000  6.84000E-001
  6.85000E-001  1.32142E+000  6.85000E-001
  6.86000E-001  1.32283E+000  6.86000E-001
  6.87000E-001  1.32424E+000  6.87000E-001
  6.88000E-001  1.32566E+000  6.88000E-001
  6.89000E-001  1.32708E+000  6.89000E-001
  6.90000E-001  1.32851E+000  6.90000E-001
  6.91000E-001  1.32994E+000  6.91000E-001
  6.92000E-001  1.33137E+000  6.92000E-001
  6.93000E-001  1.33281E+000  6.93000E-001
  6.94000E-001  1.33426E+000  6.94000E-001
  6.95000E-001  1.33570E+000  6.95000E-001
  6.96000E-001  1.33715E+000  6.96000E-001
  6.97000E-001  1.33861E+000  6.97000E-001
  6.98000E-001  1.34007E+000  6.98000E-001
  6.99000E-001  1.34153E+000  6.99000E-001
  7.00000E-001  1.34300E+000  7.00000E-001
  7.01000E-001  1.34447E+000  7.01000E-001
  7.02000E-001  1.34595E+000  7.02000E-001
  7.03000E-001  1.34743E+000  7.03000E-001
  7.04000E-001  1.34891E+000  7.04000E-001
  7.05000E-001  1.35040E+000  7.05000E-001
  7.06000E-001  1.35190E+000  7.06000E-001
  7.07000E-001  1.35339E+000  7.07000E-001
  7.08000E-001  1.35489E+000  7.08000E-001
  7.09000E-001  1.35640E+000  7.09000E-001
  7.10000E-001  1.35791E+000  7.10000E-001
  7.11000E-001  1.35943E+000  7.11000E-001
  7.12000E-001  1.36094E+000  7.12000E-001
  7.13000E-001  1.36247E+000  7.13000E-001
  7.14000E-001  1.36399E+000  7.14000E-001
  7.15000E-001  1.36553E+000  7.15000E-001
  7.16000E-001  1.36706E+000  7.16000E-001
  7.17000E-001  1.36860E+000  7.17000E-001
  7.18000E-001  1.37015E+000  7.18000E-001
  7.19000E-001  1.37169E+000  7.19000E-001
  7.20000E-001  1.37325E+000  7.20000E-001
  7.21000E-001  1.37481E+000  7.21000E-001
  7.22000E-001  1.37637E+000  7.22000E-001
  7.23000E-001  1.37793E+000  7.23000E-001
  7.24000E-001  1.37950E+000  7.24000E-001
  7.25000E-001  1.38108E+000  7.25000E-001
  7.26000E-001  1.38266E+000  7.26000E-001
  7.27000E-001  1.38424E+000  7.27000E-001
  7.28000E-001  1.38583E+000  7.28000E-001
  7.29000E-001  1.38742E+000  7.29000E-001
  7.30000E-001  1.38902E+000  7.30000E-001
  7.31000E-001  1.39062E+000  7.31000E-001
  7.32000E-001  1.39222E+000  7.32000E-001
  7.33000E-001  1.39383E+000  7.33000E-001
  7.34000E-001  1.39545E+000  7.34000E-001
  7.35000E-001  1.39707E+000  7.35000E-001
  7.36000E-001  1.39869E+000  7.36000E-001
  7.37000E-001  1.40032E+000  7.37000E-001
  7.38000E-001  1.40195E+000  7.38000E-001
  7.39000E-001  1.40358E+000  7.39000E-001
  7.40000E-001  1.40522E+000  7.40000E-001
  7.41000E-001  1.40687E+000  7.41000E-001
  7.42000E-001  1.40852E+000  7.42000E-001
  7.43000E-001  1.41017E+000  7.43000E-001
  7.44000E-001  1.41183E+000  7.44000E-001
  7.45000E-001  1.41349E+000  7.45000E-001
  7.46000E-001  1.41516E+000  7.46000E-001
  7.47000E-001  1.41683E+000  7.47000E-001
  7.48000E-001  1.41851E+000  7.48000E-001
  7.49000E-001  1.42019E+000  7.49000E-001
  7.50000E-001  1.42187E+000  7.50000E-001
  7.51000E-001  1.42356E+000  7.51000E-001
  7.52000E-001  1.42526E+000  7.52000E-001
  7.53000E-001  1.42696E+000  7.53000E-001
  7.54000E-001  1.42866E+000  7.54000E-001
  7.55000E-001  1.43037E+000  7.55000E-001
  7.56000E-001  1.43208E+000  7.56000E-001
  7.57000E-001  1.43380E+000  7.57000E-001
  7.58000E-001  1.43552E+000  7.58000E-001
  7.59000E-001  1.43725E+000  7.59000E-001
  7.60000E-001  1.43898E+000  7.60000E-001
  7.61000E-001  1.44071E+000  7.61000E-001
  7.62000E-001  1.44245E+000  7.62000E-001
  7.63000E-001  1.44419E+000  7.63000E-001
  7.64000E-001  1.44594E+000  7.64000E-001
  7.65000E-001  1.44770E+000  7.65000E-001
  7.66000E-001  1.44946E+000  7.66000E-001
  7.67000E-001  1.45122E+000  7.67000E-001
  7.68000E-001  1.45298E+000  7.68000E-001
  7.69000E-001  1.45476E+000  7.69000E-001
  7.70000E-001  1.45653E+000  7.70000E-001
  7.71000E-001  1.45831E+000  7.71000E-001
  7.72000E-001  1.46010E+000  7.72000E-001
  7.73000E-001  1.46189E+000  7.73000E-001
  7.74000E-001  1.46368E+000  7.74000E-001
  7.75000E-001  1.46548E+000  7.75000E-001
  7.76000E-001  1.46729E+000  7.76000E-001
  7.77000E-001  1.46910E+000  7.77000E-001
  7.78000E-001  1.47091E+000  7.78000E-001
  7.79000E-001  1.47273E+000  7.79000E-001
  7.80000E-001  1.47455E+000  7.80000E-001
  7.81000E-001  1.47638E+000  7.81000E-001
  7.82000E-001  1.47821E+000  7.82000E-001
  7.83000E-001  1.48005E+000  7.83000E-001
  7.84000E-001  1.48189E+000  7.84000E-001
  7.85000E-001  1.48374E+000  7.85000E-001
  7.86000E-001  1.48559E+000  7.86000E-001
  7.87000E-001  1.48744E+000  7.87000E-001
  7.88000E-001  1.48930E+000  7.88000E-001
  7.89000E-001  1.49117E+000  7.89000E-001
  7.90000E-001  1.49304E+000  7.90000E-001
  7.91000E-001  1.49491E+000  7.91000E-001
  7.92000E-001  1.49679E+000  7.92000E-001
  7.93000E-001  1.49868E+000  7.93000E-001
  7.94000E-001  1.50057E+000  7.94000E-001
  7.95000E-001  1.50246E+000  7.95000E-001
  7.96000E-001  1.50436E+000  7.96000E-001
  7.97000E-001  1.50626E+000  7.97000E-001
  7.98000E-001  1.50817E+000  7.98000E-001
  7.99000E-001  1.51008E+000  7.99000E-001
  8.00000E-001  1.51200E+000  8.00000E-001
  8.01000E-001  1.51392E+000  8.01000E-001
  8.02000E-001  1.51585E+000  8.02000E-001
  8.03000E-001  1.51778E+000  8.03000E-001
  8.04000E-001  1.51972E+000  8.04000E-001
  8.05000E-001  1.52166E+000  8.05000E-001
  8.06000E-001  1.52361E+000  8.06000E-001
  8.07000E-001  1.52556E+000  8.07000E-001
  8.08000E-001  1.52751E+000  8.08000E-001
  8.09000E-001  1.52948E+000  8.09000E-001
  8.10000E-001  1.53144E+000  8.10000E-001
  8.11000E-001  1.53341E+000  8.11000E-001
  8.12000E-001  1.53539E+000  8.12000E-001
  8.13000E-001  1.53737E+000  8.13000E-001
  8.14000E-001  1.53935E+000  8.14000E-001
  8.15000E-001  1.54134E+000  8.15000E-001
  8.16000E-001  1.54334E+000  8.16000E-001
  8.17000E-001  1.54534E+000  8.17000E-001
  8.18000E-001  1.54734E+000  8.18000E-001
  8.19000E-001  1.54935E+000  8.19000E-001
  8.20000E-001  1.55137E+000  8.20000E-001
  8.21000E-001  1.55339E+000  8.21000E-001
  8.22000E-001  1.55541E+000  8.22000E-001
  8.23000E-001  1.55744E+000  8.23000E-001
  8.24000E-001  1.55948E+000  8.24000E-001
  8.25000E-001  1.56152E+000  8.25000E-001
  8.26000E-001  1.56356E+000  8.26000E-001
  8.27000E-001  1.56561E+000  8.27000E-001
  8.28000E-001  1.56766E+000  8.28000E-001
  8.29000E-001  1.56972E+000  8.29000E-001
  8.30000E-001  1.57179E+000  8.30000E-001
  8.31000E-001  1.57386E+000  8.31000E-001
  8.32000E-001  1.57593E+000  8.32000E-001
  8.33000E-001  1.57801E+000  8.33000E-001
  8.34000E-001  1.58009E+000  8.34000E-001
  8.35000E-001  1.58218E+000  8.35000E-001
  8.36000E-001  1.58428E+000  8.36000E-001
  8.37000E-001  1.58638E+000  8.37000E-001
  8.38000E-001  1.58848E+000  8.38000E-001
  8.39000E-001  1.59059E+000  8.39000E-001
  8.40000E-001  1.59270E+000  8.40000E-001
  8.41000E-001  1.59482E+000  8.41000E-001
  8.42000E-001  1.59695E+000  8.42000E-001
  8.43000E-001  1.59908E+000  8.43000E-001
  8.44000E-001  1.60121E+000  8.44000E-001
  8.45000E-001  1.60335E+000  8.45000E-001
  8.46000E-001  1.60550E+000  8.46000E-001
  8.47000E-001  1.60765E+000  8.47000E-001
  8.48000E-001  1.60980E+000  8.48000E-001
  8.49000E-001  1.61196E+000  8.49000E-001
  8.50000E-001  1.61412E+000  8.50000E-001
  8.51000E-001  1.61630E+000  8.51000E-001
  8.52000E-001  1.61847E+000  8.52000E-001
  8.53000E-001  1.62065E+000  8.53000E-001
  8.54000E-001  1.62284E+000  8.54000E-001
  8.55000E-001  1.62503E+000  8.55000E-001
  8.56000E-001  1.62722E+000  8.56000E-001
  8.57000E-001  1.62942E+000  8.57000E-001
  8.58000E-001  1.63163E+000  8.58000E-001
  8.59000E-001  1.63384E+000  8.59000E-001
  8.60000E-001  1.63606E+000  8.60000E-001
  8.61000E-001  1.63828E+000  8.61000E-001
  8.62000E-001  1.64050E+000  8.62000E-001
  8.63000E-001  1.64274E+000  8.63000E-001
  8.64000E-001  1.64497E+000  8.64000E-001
  8.65000E-001  1.64721E+000  8.65000E-001
  8.66000E-001  1.64946E+000  8.66000E-001
  8.67000E-001  1.65171E+000  8.67000E-001
  8.68000E-001  1.65397E+000  8.68000E-001
  8.69000E-001  1.65623E+000  8.69000E-001
  8.70000E-001  1.65850E+000  8.70000E-001
  8.71000E-001  1.66078E+000  8.71000E-001
  8.72000E-001  1.66305E+000  8.72000E-001
  8.73000E-001  1.66534E+000  8.73000E-001
  8.74000E-001  1.66763E+000  8.74000E-001
  8.75000E-001  1.66992E+000  8.75000E-001
  8.76000E-001  1.67222E+000  8.76000E-001
  8.77000E-001  1.67453E+000  8.77000E-001
  8.78000E-001  1.67684E+000  8.78000E-001
  8.79000E-001  1.67915E+000  8.79000E-001
  8.80000E-001  1.68147E+000  8.80000E-001
  8.81000E-001  1.68380E+000  8.81000E-001
  8.82000E-001  1.68613E+000  8.82000E-001
  8.83000E-001  1.68847E+000  8.83000E-001
  8.84000E-001  1.69081E+000  8.84000E-001
  8.85000E-001  1.69315E+000  8.85000E-001
  8.86000E-001  1.69551E+000  8.86000E-001
  8.87000E-001  1.69786E+000  8.87000E-001
  8.88000E-001  1.70023E+000  8.88000E-001
  8.89000E-001  1.70260E+000  8.89000E-001
  8.90000E-001  1.70497E+000  8.90000E-001
  8.91000E-001  1.70735E+000  8.91000E-001
  8.92000E-001  1.70973E+000  8.92000E-001
  8.93000E-001  1.71212E+000  8.93000E-001
  8.94000E-001  1.71452E+000  8.94000E-001
  8.95000E-001  1.71692E+000  8.95000E-001
  8.96000E-001  1.71932E+000  8.96000E-001
  8.97000E-001  1.72173E+000  8.97000E-001
  8.98000E-001  1.72415E+000  8.98000E-001
  8.99000E-001  1.72657E+000  8.99000E-001
  9.00000E-001  1.72900E+000  9.00000E-001
  9.01000E-001  1.73143E+000  9.01000E-001
  9.02000E-001  1.73387E+000  9.02000E-001
  9.03000E-001  1.73631E+000  9.03000E-001
  9.04000E-001  1.73876E+000  9.04000E-001
  9.05000E-001  1.74122E+000  9.05000E-001
  9.06000E-001  1.74368E+000  9.06000E-001
  9.07000E-001  1.74614E+000  9.07000E-001
  9.08000E-001  1.74861E+000  9.08000E-001
  9.09000E-001  1.75109E+000  9.09000E-001
  9.10000E-001  1.75357E+000  9.10000E-001
  9.11000E-001  1.75606E+000  9.11000E-001
  9.12000E-001  1.75855E+000  9.12000E-001
  9.13000E-001  1.76105E+000  9.13000E-001
  9.14000E-001  1.76355E+000  9.14000E-001
  9.15000E-001  1.76606E+000  9.15000E-001
  9.16000E-001  1.76858E+000  9.16000E-001
  9.17000E-001  1.77110E+000  9.17000E-001
  9.18000E-001  1.77362E+000  9.18000E-001
  9.19000E-001  1.77615E+000  9.19000E-001
  9.20000E-001  1.77869E+000  9.20000E-001
  9.21000E-001  1.78123E+000  9.21000E-001
  9.22000E-001  1.78378E+000  9.22000E-001
  9.23000E-001  1.78633E+000  9.23000E-001
  9.24000E-001  1.78889E+000  9.24000E-001
  9.25000E-001  1.79145E+000  9.25000E-001
  9.26000E-001  1.79402E+000  9.26000E-001
  9.27000E-001  1.79660E+000  9.27000E-001
  9.28000E-001  1.79918E+000  9.28000E-001
  9.29000E-001  1.80177E+000  9.29000E-001
  9.30000E-001  1.80436E+000  9.30000E-001
  9.31000E-001  1.80695E+000  9.31000E-001
  9.32000E-001  1.80956E+000  9.32000E-001
  9.33000E-001  1.81217E+000  9.33000E-001
  9.34000E-001  1.81478E+000  9.34000E-001
  9.35000E-001  1.81740E+000  9.35000E-001
  9.36000E-001  1.82003E+000  9.36000E-001
  9.37000E-001  1.82266E+000  9.37000E-001
  9.38000E-001  1.82529E+000  9.38000E-001
  9.39000E-001  1.82794E+000  9.39000E-001
  9.40000E-001  1.83058E+000  9.40000E-001
  9.41000E-001  1.83324E+000  9.41000E-001
  9.42000E-001  1.83590E+000  9.42000E-001
  9.43000E-001  1.83856E+000  9.43000E-001
  9.44000E-001  1.84123E+000  9.44000E-001
  9.45000E-001  1.84391E+000  9.45000E-001
  9.46000E-001  1.84659E+000  9.46000E-001
  9.47000E-001  1.84928E+000  9.47000E-001
  9.48000E-001  1.85197E+000  9.48000E-001
  9.49000E-001  1.85467E+000  9.49000E-001
  9.50000E-001  1.85737E+000  9.50000E-001
  9.51000E-001  1.86009E+000  9.51000E-001
  9.52000E-001  1.86280E+000  9.52000E-001
  9.53000E-001  1.86552E+000  9.53000E-001
  9.54000E-001  1.86825E+000  9.54000E-001
  9.55000E-001  1.87098E+000  9.55000E-001
  9.56000E-001  1.87372E+000  9.56000E-001
  9.57000E-001  1.87647E+000  9.57000E-001
  9.58000E-001  1.87922E+000  9.58000E-001
  9.59000E-001  1.88197E+000  9.59000E-001
  9.60000E-001  1.88474E+000  9.60000E-001
  9.61000E-001  1.88750E+000  9.61000E-001
  9.62000E-001  1.89028E+000  9.62000E-001
  9.63000E-001  1.89306E+000  9.63000E-001
  9.64000E-001  1.89584E+000  9.64000E-001
  9.65000E-001  1.89863E+000  9.65000E-001
  9.66000E-001  1.90143E+000  9.66000E-001
  9.67000E-001  1.90423E+000  9.67000E-001
  9.68000E-001  1.90704E+000  9.68000E-001
  9.69000E-001  1.90985E+000  9.69000E-001
  9.70000E-001  1.91267E+000  9.70000E-001
  9.71000E-001  1.91550E+000  9.71000E-001
  9.72000E-001  1.91833E+000  9.72000E-001
  9.73000E-001  1.92117E+000  9.73000E-001
  9.74000E-001  1.92401E+000  9.74000E-001
  9.75000E-001  1.92686E+000  9.75000E-001
  9.76000E-001  1.92971E+000  9.76000E-001
  9.77000E-001  1.93257E+000  9.77000E-001
  9.78000E-001  1.93544E+000  9.78000E-001
  9.79000E-001  1.93831E+000  9.79000E-001
  9.80000E-001  1.94119E+000  9.80000E-001
  9.81000E-001  1.94408E+000  9.81000E-001
  9.82000E-001  1.94697E+000  9.82000E-001
  9.83000E-001  1.94986E+000  9.83000E-001
  9.84000E-001  1.95276E+000  9.84000E-001
  9.85000E-001  1.95567E+000  9.85000E-001
  9.86000E-001  1.95859E+000  9.86000E-001
  9.87000E-001  1.96150E+000  9.87000E-001
  9.88000E-001  1.96443E+000  9.88000E-001
  9.89000E-001  1.96736E+000  9.89000E-001
  9.90000E-001  1.97030E+000  9.90000E-001
  9.91000E-001  1.97324E+000  9.91000E-001
  9.92000E-001  1.97619E+000  9.92000E-001
  9.93000E-001  1.97915E+000  9.93000E-001
  9.94000E-001  1.98211E+000  9.94000E-001
  9.95000E-001  1.98507E+000  9.95000E-001
  9.96000E-001  1.98805E+000  9.96000E-001
  9.97000E-001  1.99103E+000  9.97000E-001
  9.98000E-001  1.99401E+000  9.98000E-001
  9.99000E-001  1.99700E+000  9.99000E-001
  1.00000E+000  2.00000E+000  1.00000E+000
