t0 =  0.000000E+00
x0 =  1.000000E+00
y0 =  1.000000E+00
h =  1.000000E-01
tmax =  1.000000E+00


             t             x             y
  1.000000E-01  8.867735E-01  1.201569E+00
  2.000000E-01  7.558988E-01  1.391371E+00
  3.000000E-01  6.222075E-01  1.547897E+00
  4.000000E-01  4.986856E-01  1.656411E+00
  5.000000E-01  3.931673E-01  1.712456E+00
  6.000000E-01  3.080365E-01  1.720479E+00
  7.000000E-01  2.419268E-01  1.689874E+00
  8.000000E-01  1.917412E-01  1.631252E+00
  9.000000E-01  1.540643E-01  1.554175E+00
  1.000000E+00  1.258637E-01  1.466281E+00
  1.000000E+00  1.258637E-01  1.466281E+00
